# GIMP colorrc
# 
# This file holds a list of recently used colors.

(color-history
    (color-rgba 0.10196079313755035 0.29803922772407532 0.21568629145622253 1)
    (color-rgba 0.15294118225574493 0.15294118225574493 0.15294118225574493 1)
    (color-rgba 1 1 1 1)
    (color-rgba 0.14509804546833038 0.18431372940540314 0.16470588743686676 1)
    (color-rgba 0.14509804546833038 0.34117648005485535 0.22745099663734436 1)
    (color-rgba 1 1 1 6.9532992088058295e-310)
    (color-rgba 0 0 0 1)
    (color-rgba 0.051948051948052409 0 1 1)
    (color-rgba 1 0 0 1)
    (color-rgba 0.69411766529083252 0.69411766529083252 0.66666668653488159 1)
    (color-rgba 0.086274512112140656 0.086274512112140656 0.086274512112140656 1)
    (color-rgba 0.81176477670669556 0.81960791349411011 0.80000007152557373 1)
    (color-rgba 0.043137256056070328 0.054901964962482452 0.090196080505847931 1)
    (color-rgba 0.48235297203063965 0.57647061347961426 0.67058825492858887 1)
    (color-rgba 0.78431379795074463 0.78431379795074463 0.85490202903747559 1)
    (color-rgba 0.71891582080721794 0.84848484848484851 0.71181614805775884 1)
    (color-rgba 0.98701298701298734 1 0 1)
    (color-rgba 0 0.14606741573033707 1 1)
    (color-rgba 0.6212213829529466 0.50270238165944048 0.81415929203539816 1)
    (color-rgba 0.6588235294117647 0.59999999999999998 0.51372549019607838 1)
    (color-rgba 0.40784313725490196 0.61568627450980395 0.41176470588235292 1)
    (color-rgba 0.69411764705882351 0.38039215686274508 0.52156862745098043 1)
    (color-rgba 0.26666666666666666 0.51764705882352946 0.53333333333333333 1)
    (color-rgba 0.84313725490196079 0.59999999999999998 0.12549019607843137 1)
    (color-rgba 0.59607843137254901 0.59215686274509804 0.098039215686274508 1)
    (color-rgba 0.80000000000000004 0.13725490196078433 0.10980392156862745 1)
    (color-rgba 0.92156862745098034 0.85882352941176465 0.69803921568627447 1)
    (color-rgba 0.5725490196078431 0.51372549019607838 0.45098039215686275 1)
    (color-rgba 0 0 0 4.6898918484115216e-310))

# end of colorrc
